0.000000
0.937452
-0.236573
0.000000
0.000000
0.167865
-0.693238
0.000000
0.000000
0.994979
0.607008
0.000000
0.000000
-0.756552
0.636227
0.000000
0.000000
0.139654
-0.831561
0.000000
0.000000
-0.846628
0.718415
0.000000
0.000000
-0.936764
-0.192406
0.000000
0.000000
0.458079
0.939666
0.000000
0.000000
-0.592489
0.032944
0.000000
0.000000
0.202497
-0.624821
0.000000
0.000000
-0.413615
0.376840
0.000000
0.000000
0.822163
0.100298
0.000000
0.000000
-0.340622
-0.829651
0.000000
0.000000
0.494435
-0.034540
0.000000
0.000000
0.479431
-0.205213
0.000000
0.000000
0.940872
-0.762268
0.000000
0.000000
-0.783232
0.216198
0.000000
0.000000
0.165762
-0.039156
0.000000
0.000000
-0.249822
-0.756627
0.000000
0.000000
-0.322755
-0.549597
0.000000
0.000000
0.755139
-0.385595
0.000000
0.000000
-0.641780
-0.398918
0.000000
0.000000
0.139620
0.600589
0.000000
0.000000
-0.665600
-0.741263
0.000000
0.000000
-0.645161
0.777572
0.000000
0.000000
-0.316212
-0.581987
0.000000
0.000000
0.480283
0.118232
0.000000
0.000000
0.397112
0.262816
0.000000
0.000000
0.836074
-0.108067
0.000000
0.000000
-0.922065
0.850962
0.000000
0.000000
-0.381589
0.630941
0.000000
0.000000
-0.868076
0.241529
0.000000
0.000000
0.966838
-0.358597
0.000000
0.000000
0.454909
-0.343978
0.000000
0.000000
0.406347
-0.528151
0.000000
0.000000
-0.140180
-0.000966
0.000000
0.000000
0.653745
-0.511869
0.000000
0.000000
-0.628105
-0.559365
0.000000
0.000000
-0.998940
0.809326
0.000000
0.000000
0.142299
-0.381838
0.000000
0.000000
0.321929
0.653487
0.000000
0.000000
-0.996875
-0.482793
0.000000
0.000000
0.393745
-0.334465
0.000000
0.000000
0.120954
0.879121
0.000000
0.000000
-0.512676
-0.547636
0.000000
0.000000
0.910335
0.000480
0.000000
0.000000
-0.202002
0.959544
0.000000
0.000000
-0.293793
0.223711
0.000000
0.000000
0.873524
-0.675716
0.000000
-0.099192
0.956414
0.651035
0.000000
0.083685
-0.059673
-0.730421
0.000000
-0.057524
-0.582508
-0.414188
0.000000
0.077266
-0.865739
-0.470065
0.000000
-0.052513
0.409559
0.057558
0.000000
0.046203
-0.383067
0.398437
0.000000
0.060506
0.523735
-0.183709
0.000000
-0.033688
-0.797866
-0.341186
0.000000
-0.042428
0.460141
-0.208398
0.000000
0.029045
-1.009782
0.000273
0.000000
-0.078422
0.172868
0.186315
0.000000
-0.023719
-0.873468
-0.577586
0.000000
0.004761
0.882862
-0.848276
0.000000
0.000000
-0.276965
-0.954251
0.000000
0.000000
-0.120949
-0.789181
0.000000
0.000000
-0.680008
-0.891272
0.000000
0.000000
0.602991
0.473816
0.000000
0.000000
-0.665051
0.494213
0.000000
0.000000
-0.391585
0.625011
0.000000
0.000000
-0.722531
0.424535
0.000000
0.000000
-0.307524
-0.548949
0.000000
0.000000
0.991456
-0.591101
0.000000
0.000000
-0.248911
0.546148
0.000000
0.000000
0.941792
0.705439
0.000000
0.000000
0.074196
-0.992005
0.000000
0.000000
-0.120138
0.846890
0.000000
0.000000
0.452446
0.252885
0.000000
0.000000
0.891944
0.904819
0.000000
0.000000
0.945996
-0.640087
0.000000
0.000000
0.968067
0.304474
0.000000
0.000000
0.112111
0.257496
0.000000
0.000000
-0.472283
0.332389
0.000000
0.000000
-0.306475
-0.927675
0.000000
0.000000
-0.311614
0.695880
0.000000
0.000000
-0.688400
0.065595
0.000000
0.000000
0.408329
0.787310
0.000000
0.000000
-0.168305
-0.703871

